268435640
 
268436020
 
268436080
 
268436096
 
268436132
 
268436140
 
268436152
 
268436176
 
268436120
 
268436204
 
268436240
 
268436220
 
268436248
 
268436256
 
268436288
 
268436272
 
268436484
 
268436496
 
268436580
 
268436800
 
268436812
 
268455548
 
268455560
 
268436936
 
268465188
 
268465264
 
268465320
 
268465332
 
268465344
 
268436948
 
268436960
 
268439188
 
268453284
 
268453296
 
268453360
 
268453124
 
268453136
 
268459180
 
268459260
 
268459268
 
268459372
 
268459392
 
268459404
 
268459460
 
268453220
 
268453416
 
268453436
 
268439196
 
268436972
 
268436988
 
268437020
 
268444412
 
268445784
 
268445796
 
268445848
 
268445860
 
268445880
 
268446016
 
268446028
 
268455904
 
268455916
 
268455936
 
268455976
 
268455988
 
268472404
 
268472416
 
268478272
 
268472472
 
268472480
 
268455996
 
268456004
 
268456040
 
268456100
 
268456412
 
268456424
 
268456500
 
268456508
 
268456516
 
268459480
 
268456524
 
268456668
 
268457152
 
268457160
 
268456684
 
268456776
 
268457380
 
268457404
 
268457436
 
268457476
 
268464240
 
268464252
 
268477976
 
268477988
 
268478188
 
268478196
 
268478200
 
268478308
 
268478320
 
268478040
 
268478076
 
268464304
 
268464340
 
268464312
 
268457488
 
268458356
 
268457776
 
268457800
 
268459484
 
268457812
 
268456608
 
268456112
 
268456364
 
268456376
 
268456160
 
268446040
 
268445892
 
268445900
 
268445928
 
268444424
 
268444432
 
268437032
 
268439024
 
268439040
 
268437012
 
268437044
 
268437152
 
268437256
 
268437268
 
268437368
 
268437564
 
268439200
 
268442952
 
268443752
 
268443764
 
268439232
 
268437628
 
268437640
 
268437652
 
268440256
 
268441312
 
268441320
 
268441408
 
268437700
 
268437720
 
268437756
 
268437780
 
268437792
 
268438060
 
268438124
 
268438180
 
268438192
 
268438464
 
268438472
 
268438524
 
268438728
 
268438748
 
268441184
 
268465368
 
268465436
 
268465664
 
268472552
 
268472632
 
268472652
 
268472664
 
268472684
 
268472704
 
268473656
 
268472712
 
268472720
 
268473752
 
268458660
 
268458688
 
268458696
 
268458744
 
268458756
 
268458844
 
268458904
 
268473772
 
268472728
 
268472740
 
268472780
 
268473676
 
268474176
 
268474208
 
268474284
 
268474464
 
268474472
 
268474496
 
268473688
 
268472828
 
268472856
 
268465668
 
268465516
 
268441200
 
268438760
 
268437140
 
268437160
 
268437176
 
268437188
 
268437200
 
268437244
 
268438868
 
268438880
 
268458720
 
268458884
 
268473784
 
268472744
 
268472768
 
268473724
 
268452020
 
268452064
 
268452076
 
268452088
 
268452400
 
268452412
 
268452436
 
268452448
 
268464732
 
268464812
 
268470868
 
268470880
 
268478140
 
268478148
 
268470940
 
268470948
 
268464840
 
268452476
 
268452444
 
268452360
 
268473736
 
268473744
 
268438896
 
268438908
 
268439132
 
268439140
 
268439152
 
268439160
 
268436640
 
268436280
 
268441328
 
268479384
 
268479424
 
268479432
 
268480260
 
268479516
 
268479576
 
268441352
 
268478376
 
268478408
 
268478416
 
268478428
 
268478528
 
268478600
 
268441380
 
268441332
 
268441396
 
268458724
 
268458728
 
268474480
 
268436312
 
268435656
 
268436396
 
268436408
 
268446504
 
268446516
 
268446704
 
268436444
 
268436464
 
268452996
 
268453008
 
268455164
 
268452816
 
268455212
 
268455220
 
268455236
 
268455248
 
268455264
 
268471728
 
268471740
 
268471372
 
268471416
 
268471420
 
268471428
 
268471440
 
268471452
 
268452096
 
268452348
 
268471464
 
268471480
 
268464592
 
268471228
 
268471240
 
268478172
 
268478180
 
268471292
 
268471300
 
268464612
 
268471496
 
268471504
 
268471516
 
268471556
 
268471584
 
268452820
 
268471596
 
268455276
 
268455292
 
268455304
 
268455308
 
268453036
 
268436472
 
268478108
 
268435640
 
268435640
 
268435640
 
268436020
 
268436080
 
268436096
 
268436132
 
268436140
 
268436152
 
268436176
 
268436120
 
268436204
 
268436240
 
268436220
 
268436248
 
268436256
 
268436288
 
268436272
 
268436484
 
268436496
 
268436580
 
268436800
 
268436812
 
268455548
 
268455560
 
268436936
 
268465188
 
268465264
 
268465320
 
268465332
 
268465344
 
268436948
 
268436960
 
268439188
 
268453284
 
268453296
 
268453360
 
268453124
 
268453136
 
268459180
 
268459260
 
268459268
 
268459372
 
268459392
 
268459404
 
268459460
 
268453220
 
268453416
 
268453436
 
268439196
 
268436972
 
268436988
 
268437020
 
268444412
 
268445784
 
268445796
 
268445848
 
268445860
 
268445880
 
268446016
 
268446028
 
268455904
 
268455916
 
268455936
 
268455976
 
268455988
 
268472404
 
268472416
 
268478272
 
268472472
 
268472480
 
268455996
 
268456004
 
268456040
 
268456100
 
268456412
 
268456424
 
268456500
 
268456508
 
268456516
 
268459480
 
268456524
 
268456668
 
268457152
 
268457160
 
268456684
 
268456776
 
268457380
 
268457404
 
268457436
 
268457476
 
268464240
 
268464252
 
268477976
 
268477988
 
268478188
 
268478196
 
268478200
 
268478308
 
268478320
 
268478040
 
268478076
 
268464304
 
268464340
 
268464312
 
268457488
 
268458356
 
268457776
 
268457800
 
268459484
 
268457812
 
268456608
 
268456112
 
268456364
 
268456376
 
268456160
 
268446040
 
268445892
 
268445900
 
268445928
 
268444424
 
268444432
 
268437032
 
268439024
 
268439040
 
268437012
 
268437044
 
268437152
 
268437256
 
268437268
 
268437368
 
268437564
 
268439200
 
268442952
 
268443752
 
268443764
 
268439232
 
268437628
 
268437640
 
268437652
 
268440256
 
268441312
 
268441320
 
268441408
 
268437700
 
268437720
 
268437756
 
268437780
 
268437792
 
268438060
 
268438124
 
268438180
 
268438192
 
268438464
 
268438472
 
268438524
 
268438728
 
268438748
 
268441184
 
268465368
 
268465436
 
268465664
 
268472552
 
268472632
 
268472652
 
268472664
 
268472684
 
268472704
 
268473656
 
268472712
 
268472720
 
268473752
 
268458660
 
268458688
 
268458696
 
268458744
 
268458756
 
268458844
 
268458904
 
268473772
 
268472728
 
268472740
 
268472780
 
268473676
 
268474176
 
268474208
 
268474284
 
268474464
 
268474472
 
268474496
 
268473688
 
268472828
 
268472856
 
268465668
 
268465516
 
268441200
 
268438760
 
268437140
 
268437160
 
268437176
 
268437188
 
268437200
 
268437244
 
268438868
 
268438880
 
268458720
 
268458884
 
268473784
 
268472744
 
268472768
 
268473724
 
268452020
 
268452064
 
268452076
 
268452088
 
268452400
 
268452412
 
268452436
 
268452448
 
268464732
 
268464812
 
268470868
 
268470880
 
268478140
 
268478148
 
268470940
 
268470948
 
268464840
 
268452476
 
268452444
 
268452360
 
268473736
 
268473744
 
268438896
 
268438908
 
268439132
 
268439140
 
268439152
 
268439160
 
268436640
 
268436280
 
268441328
 
268479384
 
268479424
 
268479432
 
268480260
 
268479516
 
268479576
 
268441352
 
268478376
 
268478408
 
268478416
 
268478428
 
268478528
 
268478600
 
268441380
 
268441332
 
268441396
 
268458724
 
268458728
 
268474480
 
268436312
 
268435656
 
268436396
 
268436408
 
268446504
 
268446516
 
268446704
 
268436444
 
268436464
 
268452996
 
268453008
 
268455164
 
268452816
 
268455212
 
268455220
 
268455236
 
268455248
 
268455264
 
268471728
 
268471740
 
268471372
 
268471416
 
268471420
 
268471428
 
268471440
 
268471452
 
268452096
 
268452348
 
268471464
 
268471480
 
268464592
 
268471228
 
268471240
 
268478172
 
268478180
 
268471292
 
268471300
 
268464612
 
268471496
 
268471504
 
268471516
 
268471556
 
268471584
 
268452820
 
268471596
 
268455276
 
268455292
 
268455304
 
268455308
 
268453036
 
268436472
 
268478108
 
